500 1 167.000
500 2 84.000
500 4 52.000
500 8 37.000
500 16 35.000
500 32 93.000
500 64 69.000
500 128 49.000
1000 1 1724.000
1000 2 867.000
1000 4 527.000
1000 8 399.000
1000 16 584.000
1000 32 626.000
1000 64 601.000
1000 128 539.000
1500 1 5427.000
1500 2 2709.000
1500 4 1366.000
1500 8 1759.000
1500 16 2271.000
1500 32 2327.000
1500 64 2266.000
1500 128 2003.000
2000 1 19221.000
2000 2 12123.000
2000 4 6636.000
2000 8 7928.000
2000 16 9319.000
2000 32 9065.000
2000 64 8896.000
2000 128 10012.000
2500 1 28696.000
2500 2 16666.000
2500 4 21964.000
2500 8 19027.000
2500 16 20218.000
2500 32 23319.000
2500 64 21897.000
2500 128 22068.000
